0 0 
1 0 
2 0 
3 0 
4 1 
5 3 
6 4 
7 4 
8 4 
9 4 
10 4 
11 4 
12 5 
13 5 
14 5 
15 5 
16 5 
17 5 
18 5 
19 5 
20 6 
21 6 
22 6 
23 6 
24 6 
25 7 
26 7 
27 7 
28 7 
29 7 
30 8 
31 8 
32 8 
33 9 
34 11 
35 12 
36 12 
37 12 
38 13 
39 13 
40 15 
41 16 
42 16 
43 16 
44 17 
45 17 
46 17 
47 17 
48 17 
49 19 
50 19 
51 20 
52 22 
53 22 
54 22 
55 24 
56 24 
57 24 
58 24 
59 26 
60 26 
61 26 
62 26 
63 27 
64 28 
65 29 
66 29 
67 29 
68 29 
69 29 
70 29 
71 29 
72 29 
73 29 
74 29 
75 29 
76 31 
77 32 
78 33 
79 34 
80 34 
81 34 
82 34 
83 34 
84 37 
85 37 
86 38 
87 39 
88 39 
89 39 
90 39 
91 39 
92 39 
93 41 
94 41 
95 41 
96 41 
97 41 
98 41 
99 41 
100 41 
101 41 
102 44 
103 44 
104 44 
105 44 
106 46 
107 46 
108 46 
109 46 
110 47 
111 47 
112 50 
113 51 
114 54 
115 56 
116 57 
117 57 
118 58 
119 59 
120 59 
121 59 
122 59 
123 60 
124 60 
125 60 
126 61 
127 61 
128 62 
129 62 
130 63 
131 63 
132 64 
133 64 
134 65 
135 68 
136 68 
137 69 
138 71 
139 71 
140 71 
141 71 
142 71 
143 71 
144 71 
145 73 
146 74 
147 74 
148 74 
149 74 
150 76 
151 76 
152 77 
153 77 
154 77 
155 77 
156 77 
157 77 
158 78 
159 78 
160 80 
161 81 
162 81 
163 81 
164 81 
165 82 
166 82 
167 82 
168 84 
169 84 
170 84 
171 84 
172 85 
173 85 
174 87 
175 87 
176 88 
177 88 
178 89 
179 89 
180 89 
181 90 
182 90 
183 91 
184 91 
185 91 
186 91 
187 91 
188 92 
189 92 
190 92 
191 93 
192 93 
193 94 
194 95 
195 95 
196 96 
197 96 
198 96 
199 97 
200 98 
201 100 
202 100 
203 100 
204 101 
205 102 
206 103 
207 105 
208 106 
209 108 
210 108 
211 108 
212 108 
213 108 
214 108 
215 108 
216 108 
217 108 
218 108 
219 108 
220 108 
221 110 
222 111 
223 112 
224 112 
225 113 
226 113 
227 113 
228 113 
229 113 
230 114 
231 114 
232 114 
233 116 
234 116 
235 117 
236 118 
237 118 
238 118 
239 118 
240 121 
241 121 
242 121 
243 121 
244 121 
245 121 
246 121 
247 121 
248 121 
249 122 
250 122 
251 123 
252 124 
253 125 
254 125 
255 125 
256 125 
257 126 
258 126 
259 127 
260 127 
261 127 
262 127 
263 127 
264 127 
265 128 
266 129 
267 130 
268 130 
269 130 
270 131 
271 131 
272 133 
273 133 
274 134 
275 134 
276 136 
277 137 
278 137 
279 138 
280 139 
281 139 
282 139 
283 140 
284 141 
285 141 
286 141 
287 142 
288 142 
289 143 
290 143 
291 143 
292 143 
293 143 
294 145 
295 146 
296 147 
297 147 
298 148 
299 148 
300 148 
301 148 
302 149 
303 149 
304 149 
305 151 
306 151 
307 151 
308 151 
309 151 
310 151 
311 152 
312 152 
313 152 
314 152 
315 152 
316 153 
317 153 
318 153 
319 153 
320 154 
321 154 
322 155 
323 156 
324 156 
325 157 
326 157 
327 157 
328 157 
329 157 
330 157 
331 157 
332 157 
333 158 
334 158 
335 159 
336 159 
337 160 
338 160 
339 161 
340 162 
341 164 
342 164 
343 164 
344 166 
345 166 
346 167 
347 167 
348 167 
349 167 
350 168 
351 168 
352 168 
353 168 
354 168 
355 168 
356 169 
357 170 
358 171 
359 171 
360 171 
361 171 
362 171 
363 172 
364 172 
365 172 
366 173 
367 175 
368 175 
369 175 
370 176 
371 176 
372 176 
373 176 
374 178 
375 178 
376 178 
377 179 
378 179 
379 179 
380 179 
381 180 
382 180 
383 180 
384 181 
385 181 
386 182 
387 183 
388 183 
389 183 
390 183 
391 183 
392 183 
393 183 
394 184 
395 186 
396 186 
397 186 
398 186 
399 186 
400 187 
401 187 
402 187 
403 191 
404 191 
405 191 
406 192 
407 192 
408 194 
409 194 
410 194 
411 196 
412 197 
413 198 
414 198 
415 200 
416 200 
417 201 
418 203 
419 203 
420 203 
421 204 
422 204 
423 205 
424 205 
425 205 
426 205 
427 206 
428 208 
429 208 
430 208 
431 208 
432 210 
433 211 
434 214 
435 215 
436 215 
437 216 
438 216 
439 217 
440 217 
441 217 
442 219 
443 219 
444 219 
445 219 
446 219 
447 220 
448 220 
449 221 
450 222 
451 222 
452 222 
453 223 
454 224 
455 224 
456 225 
457 225 
458 227 
459 227 
460 227 
461 227 
462 230 
463 231 
464 232 
465 234 
466 235 
467 235 
468 235 
469 235 
470 236 
471 237 
472 237 
473 238 
474 239 
475 241 
476 241 
477 241 
478 242 
479 242 
480 243 
481 243 
482 243 
483 243 
484 243 
485 243 
486 243 
487 243 
488 244 
489 245 
490 245 
491 245 
492 246 
493 246 
494 247 
495 247 
496 248 
497 248 
498 248 
499 249 
500 250 
501 251 
502 252 
503 253 
504 253 
505 253 
506 256 
507 257 
508 257 
509 257 
510 257 
511 257 
512 257 
513 258 
514 258 
515 259 
516 260 
517 260 
518 260 
519 261 
520 264 
521 264 
522 264 
523 265 
524 265 
525 266 
526 266 
527 267 
528 267 
529 267 
530 267 
531 267 
532 267 
533 267 
534 267 
535 267 
536 267 
537 270 
538 270 
539 271 
540 271 
541 271 
542 271 
543 271 
544 271 
545 271 
546 271 
547 271 
548 272 
549 272 
550 273 
551 274 
552 275 
553 275 
554 275 
555 277 
556 277 
557 277 
558 279 
559 280 
560 280 
561 280 
562 281 
563 281 
564 281 
565 281 
566 281 
567 281 
568 282 
569 282 
570 282 
571 283 
572 284 
573 284 
574 285 
575 286 
576 286 
577 286 
578 286 
579 286 
580 287 
581 288 
582 289 
583 289 
584 289 
585 290 
586 290 
587 290 
588 290 
589 290 
590 290 
591 290 
592 290 
593 290 
594 290 
595 291 
596 292 
597 292 
598 293 
599 293 
600 293 
601 293 
602 293 
603 294 
604 295 
605 296 
606 296 
607 298 
608 298 
609 299 
610 300 
611 301 
612 301 
613 301 
614 302 
615 309 
616 310 
617 310 
618 310 
619 310 
620 310 
621 310 
622 311 
623 311 
624 311 
625 311 
626 312 
627 312 
628 313 
629 313 
630 313 
631 313 
632 314 
633 314 
634 314 
635 314 
636 314 
637 316 
638 316 
639 316 
640 317 
641 317 
642 317 
643 317 
644 317 
645 317 
646 317 
647 317 
648 317 
649 317 
650 317 
651 317 
652 317 
653 318 
654 318 
655 320 
656 320 
657 320 
658 320 
659 321 
660 322 
661 323 
662 324 
663 324 
664 324 
665 325 
666 325 
667 325 
668 325 
669 325 
670 325 
671 326 
672 326 
673 327 
674 327 
675 328 
676 330 
677 330 
678 331 
679 331 
680 332 
681 333 
682 333 
683 333 
684 333 
685 334 
686 334 
687 335 
688 336 
689 337 
690 338 
691 339 
692 340 
693 340 
694 340 
695 340 
696 342 
697 342 
698 343 
699 344 
700 344 
701 345 
702 346 
703 346 
704 346 
705 348 
706 349 
707 350 
708 351 
709 351 
710 351 
711 351 
712 352 
713 352 
714 353 
715 355 
716 356 
717 356 
718 357 
719 357 
720 357 
721 357 
722 357 
723 357 
724 357 
725 357 
726 357 
727 359 
728 361 
729 362 
730 362 
731 363 
732 364 
733 364 
734 364 
735 365 
736 365 
737 365 
738 367 
739 367 
740 369 
741 371 
742 371 
743 372 
744 372 
745 372 
746 373 
747 373 
748 374 
749 375 
750 375 
751 375 
752 375 
753 376 
754 377 
755 377 
756 377 
757 377 
758 377 
759 378 
760 378 
761 378 
762 378 
763 379 
764 379 
765 380 
766 381 
767 381 
768 381 
769 383 
770 384 
771 385 
772 386 
773 386 
774 387 
775 388 
776 388 
777 388 
778 389 
779 389 
780 390 
781 390 
782 390 
783 390 
784 390 
785 391 
786 392 
787 393 
788 393 
789 393 
790 393 
791 394 
792 395 
793 395 
794 396 
795 396 
796 396 
797 397 
798 397 
799 397 
800 397 
801 397 
802 397 
803 397 
804 397 
805 397 
806 397 
807 398 
808 398 
809 399 
810 399 
811 400 
812 400 
813 401 
814 402 
815 403 
816 404 
817 404 
818 404 
819 404 
820 405 
821 405 
822 407 
823 407 
824 407 
825 407 
826 407 
827 407 
828 407 
829 408 
830 408 
831 409 
832 409 
833 410 
834 411 
835 411 
836 411 
837 411 
838 411 
839 412 
840 412 
841 412 
842 413 
843 413 
844 413 
845 413 
846 413 
847 413 
848 413 
849 413 
850 414 
851 415 
852 415 
853 415 
854 415 
855 416 
856 416 
857 416 
858 416 
859 416 
860 416 
861 416 
862 418 
863 418 
864 418 
865 418 
866 419 
867 420 
868 420 
869 420 
870 421 
871 421 
872 423 
873 423 
874 423 
875 424 
876 424 
877 425 
878 426 
879 426 
880 426 
881 426 
882 426 
883 426 
884 427 
885 427 
886 427 
887 427 
888 427 
889 427 
890 427 
891 427 
892 428 
893 429 
894 430 
895 430 
896 431 
897 432 
898 434 
899 434 
900 435 
901 436 
902 437 
903 439 
904 440 
905 440 
906 441 
907 441 
908 442 
909 443 
910 444 
911 444 
912 444 
913 445 
914 446 
915 447 
916 447 
917 447 
918 447 
919 447 
920 447 
921 448 
922 450 
923 450 
924 451 
925 452 
926 454 
927 455 
928 455 
929 455 
930 456 
931 456 
932 458 
933 458 
934 459 
935 461 
936 461 
937 462 
938 462 
939 463 
940 463 
941 465 
942 465 
943 465 
944 466 
945 466 
946 466 
947 466 
948 467 
949 467 
950 467 
951 468 
952 469 
953 470 
954 470 
955 471 
956 471 
957 473 
958 473 
959 473 
960 474 
961 474 
962 474 
963 474 
964 474 
965 474 
966 474 
967 475 
968 475 
969 475 
970 475 
971 477 
972 477 
973 477 
974 478 
975 478 
976 479 
977 479 
978 479 
979 479 
980 479 
981 480 
982 481 
983 481 
984 481 
985 483 
986 483 
987 483 
988 483 
989 483 
990 484 
991 484 
992 484 
993 486 
994 486 
995 486 
996 486 
997 487 
998 487 
999 487 
