0 0 
1 0 
2 0 
3 0 
4 0 
5 0 
6 0 
7 0 
8 0 
9 0 
10 0 
11 0 
12 0 
13 0 
14 0 
15 0 
16 0 
17 0 
18 0 
19 0 
20 0 
21 0 
22 0 
23 0 
24 0 
25 0 
26 0 
27 0 
28 0 
29 0 
30 0 
31 0 
32 0 
33 0 
34 0 
35 0 
36 0 
37 0 
38 0 
39 0 
40 0 
41 0 
42 0 
43 0 
44 0 
45 0 
46 0 
47 0 
48 0 
49 0 
50 0 
51 0 
52 0 
53 0 
54 0 
55 0 
56 0 
57 0 
58 0 
59 0 
60 0 
61 0 
62 0 
63 0 
64 0 
65 0 
66 0 
67 0 
68 0 
69 0 
70 0 
71 0 
72 0 
73 0 
74 0 
75 0 
76 0 
77 0 
78 0 
79 0 
80 0 
81 0 
82 0 
83 0 
84 0 
85 0 
86 0 
87 0 
88 0 
89 0 
90 0 
91 0 
92 0 
93 0 
94 0 
95 0 
96 0 
97 0 
98 0 
99 0 
100 0 
101 0 
102 0 
103 0 
104 0 
105 0 
106 0 
107 0 
108 0 
109 0 
110 0 
111 0 
112 0 
113 0 
114 0 
115 0 
116 0 
117 0 
118 1 
119 1 
120 1 
121 1 
122 1 
123 1 
124 1 
125 1 
126 1 
127 1 
128 1 
129 1 
130 1 
131 1 
132 1 
133 1 
134 1 
135 1 
136 2 
137 2 
138 2 
139 2 
140 2 
141 2 
142 2 
143 2 
144 2 
145 2 
146 2 
147 2 
148 2 
149 2 
150 2 
151 2 
152 2 
153 2 
154 2 
155 2 
156 2 
157 2 
158 2 
159 3 
160 3 
161 3 
162 3 
163 3 
164 3 
165 3 
166 3 
167 3 
168 3 
169 3 
170 3 
171 4 
172 4 
173 4 
174 4 
175 4 
176 4 
177 4 
178 4 
179 4 
180 4 
181 4 
182 4 
183 4 
184 4 
185 4 
186 4 
187 4 
188 4 
189 4 
190 4 
191 4 
192 4 
193 4 
194 4 
195 4 
196 5 
197 5 
198 5 
199 5 
200 5 
201 5 
202 5 
203 5 
204 5 
205 5 
206 5 
207 5 
208 5 
209 5 
210 5 
211 5 
212 5 
213 5 
214 5 
215 5 
216 5 
217 5 
218 5 
219 5 
220 5 
221 5 
222 5 
223 5 
224 5 
225 5 
226 5 
227 5 
228 5 
229 5 
230 5 
231 5 
232 5 
233 5 
234 5 
235 5 
236 5 
237 5 
238 5 
239 5 
240 5 
241 5 
242 5 
243 5 
244 6 
245 6 
246 6 
247 6 
248 6 
249 6 
250 6 
251 6 
252 6 
253 6 
254 6 
255 7 
256 7 
257 7 
258 7 
259 7 
260 7 
261 7 
262 7 
263 7 
264 7 
265 7 
266 7 
267 7 
268 7 
269 7 
270 7 
271 7 
272 8 
273 8 
274 8 
275 8 
276 8 
277 8 
278 8 
279 8 
280 8 
281 8 
282 8 
283 9 
284 9 
285 9 
286 9 
287 9 
288 9 
289 9 
290 9 
291 9 
292 9 
293 9 
294 9 
295 9 
296 9 
297 9 
298 9 
299 9 
300 9 
301 9 
302 9 
303 9 
304 9 
305 9 
306 9 
307 9 
308 10 
309 10 
310 10 
311 10 
312 10 
313 10 
314 10 
315 10 
316 10 
317 10 
318 10 
319 10 
320 10 
321 10 
322 10 
323 11 
324 11 
325 11 
326 11 
327 11 
328 11 
329 11 
330 11 
331 11 
332 11 
333 11 
334 11 
335 11 
336 12 
337 12 
338 12 
339 12 
340 12 
341 12 
342 12 
343 12 
344 12 
345 12 
346 12 
347 12 
348 12 
349 13 
350 13 
351 13 
352 13 
353 13 
354 13 
355 13 
356 13 
357 13 
358 13 
359 13 
360 13 
361 13 
362 13 
363 13 
364 13 
365 13 
366 13 
367 13 
368 13 
369 13 
370 13 
371 13 
372 14 
373 14 
374 14 
375 14 
376 14 
377 14 
378 14 
379 14 
380 14 
381 14 
382 15 
383 15 
384 15 
385 15 
386 15 
387 15 
388 15 
389 15 
390 15 
391 15 
392 15 
393 15 
394 15 
395 15 
396 15 
397 15 
398 15 
399 15 
400 15 
401 15 
402 15 
403 15 
404 16 
405 16 
406 16 
407 16 
408 16 
409 16 
410 16 
411 16 
412 17 
413 17 
414 17 
415 17 
416 17 
417 17 
418 17 
419 17 
420 17 
421 17 
422 17 
423 17 
424 17 
425 17 
426 17 
427 17 
428 17 
429 17 
430 17 
431 17 
432 18 
433 18 
434 18 
435 18 
436 18 
437 18 
438 19 
439 19 
440 19 
441 19 
442 19 
443 20 
444 20 
445 20 
446 20 
447 20 
448 20 
449 20 
450 20 
451 20 
452 20 
453 20 
454 20 
455 20 
456 20 
457 21 
458 21 
459 21 
460 21 
461 21 
462 21 
463 21 
464 21 
465 21 
466 21 
467 21 
468 21 
469 21 
470 21 
471 21 
472 21 
473 21 
474 21 
475 21 
476 21 
477 21 
478 22 
479 22 
480 22 
481 22 
482 22 
483 22 
484 22 
485 22 
486 22 
487 22 
488 22 
489 22 
490 22 
491 23 
492 23 
493 23 
494 23 
495 23 
496 23 
497 23 
498 23 
499 23 
500 23 
501 23 
502 23 
503 23 
504 23 
505 23 
506 23 
507 23 
508 23 
509 23 
510 23 
511 23 
512 23 
513 24 
514 24 
515 24 
516 24 
517 25 
518 25 
519 25 
520 25 
521 25 
522 25 
523 25 
524 25 
525 25 
526 25 
527 25 
528 25 
529 25 
530 25 
531 25 
532 26 
533 26 
534 27 
535 27 
536 27 
537 27 
538 27 
539 27 
540 27 
541 27 
542 27 
543 27 
544 27 
545 27 
546 27 
547 27 
548 27 
549 27 
550 27 
551 27 
552 28 
553 28 
554 28 
555 28 
556 28 
557 28 
558 28 
559 28 
560 28 
561 28 
562 28 
563 29 
564 29 
565 29 
566 29 
567 29 
568 29 
569 29 
570 29 
571 29 
572 29 
573 29 
574 29 
575 29 
576 30 
577 30 
578 30 
579 30 
580 30 
581 30 
582 30 
583 30 
584 30 
585 30 
586 30 
587 30 
588 30 
589 30 
590 30 
591 30 
592 30 
593 30 
594 30 
595 30 
596 30 
597 30 
598 30 
599 30 
600 30 
601 30 
602 31 
603 31 
604 31 
605 31 
606 31 
607 31 
608 31 
609 31 
610 31 
611 31 
612 31 
613 31 
614 31 
615 31 
616 31 
617 31 
618 31 
619 32 
620 32 
621 32 
622 32 
623 32 
624 32 
625 32 
626 32 
627 32 
628 32 
629 32 
630 32 
631 32 
632 33 
633 33 
634 33 
635 33 
636 33 
637 33 
638 33 
639 34 
640 34 
641 34 
642 34 
643 34 
644 34 
645 34 
646 34 
647 34 
648 34 
649 34 
650 34 
651 34 
652 34 
653 35 
654 35 
655 35 
656 35 
657 35 
658 35 
659 35 
660 35 
661 35 
662 35 
663 35 
664 35 
665 36 
666 36 
667 36 
668 36 
669 36 
670 36 
671 36 
672 37 
673 37 
674 37 
675 37 
676 37 
677 37 
678 37 
679 37 
680 37 
681 37 
682 37 
683 37 
684 38 
685 38 
686 38 
687 38 
688 38 
689 38 
690 38 
691 38 
692 38 
693 38 
694 38 
695 38 
696 38 
697 38 
698 38 
699 38 
700 39 
701 39 
702 39 
703 39 
704 39 
705 39 
706 39 
707 40 
708 40 
709 40 
710 40 
711 40 
712 40 
713 40 
714 40 
715 40 
716 41 
717 41 
718 41 
719 41 
720 41 
721 41 
722 41 
723 41 
724 41 
725 41 
726 41 
727 41 
728 41 
729 41 
730 42 
731 42 
732 42 
733 42 
734 42 
735 42 
736 42 
737 42 
738 42 
739 42 
740 42 
741 42 
742 42 
743 42 
744 43 
745 43 
746 43 
747 43 
748 43 
749 43 
750 43 
751 43 
752 43 
753 43 
754 43 
755 43 
756 43 
757 43 
758 43 
759 43 
760 43 
761 43 
762 43 
763 43 
764 44 
765 44 
766 44 
767 44 
768 44 
769 44 
770 44 
771 44 
772 44 
773 44 
774 44 
775 44 
776 44 
777 44 
778 44 
779 44 
780 44 
781 44 
782 44 
783 44 
784 44 
785 44 
786 44 
787 45 
788 45 
789 45 
790 45 
791 45 
792 45 
793 45 
794 45 
795 45 
796 46 
797 46 
798 46 
799 46 
800 46 
801 46 
802 46 
803 46 
804 46 
805 46 
806 46 
807 46 
808 46 
809 46 
810 46 
811 46 
812 46 
813 46 
814 46 
815 46 
816 46 
817 47 
818 47 
819 47 
820 47 
821 47 
822 47 
823 47 
824 47 
825 47 
826 47 
827 47 
828 48 
829 48 
830 48 
831 48 
832 48 
833 48 
834 48 
835 48 
836 48 
837 48 
838 49 
839 49 
840 49 
841 49 
842 49 
843 49 
844 49 
845 49 
846 49 
847 49 
848 50 
849 50 
850 50 
851 50 
852 50 
853 50 
854 50 
855 50 
856 51 
857 51 
858 51 
859 51 
860 51 
861 51 
862 51 
863 51 
864 51 
865 51 
866 51 
867 51 
868 51 
869 51 
870 51 
871 51 
872 51 
873 51 
874 51 
875 52 
876 52 
877 52 
878 52 
879 52 
880 52 
881 52 
882 52 
883 52 
884 52 
885 52 
886 52 
887 52 
888 53 
889 53 
890 53 
891 53 
892 53 
893 53 
894 54 
895 54 
896 54 
897 54 
898 54 
899 54 
900 54 
901 54 
902 54 
903 54 
904 54 
905 54 
906 54 
907 54 
908 54 
909 54 
910 54 
911 54 
912 54 
913 54 
914 55 
915 55 
916 55 
917 55 
918 55 
919 55 
920 55 
921 55 
922 55 
923 55 
924 55 
925 55 
926 55 
927 55 
928 56 
929 56 
930 56 
931 56 
932 56 
933 56 
934 56 
935 56 
936 57 
937 57 
938 57 
939 57 
940 57 
941 57 
942 57 
943 57 
944 57 
945 57 
946 57 
947 57 
948 57 
949 57 
950 57 
951 57 
952 57 
953 57 
954 57 
955 57 
956 57 
957 57 
958 57 
959 58 
960 58 
961 58 
962 58 
963 58 
964 58 
965 58 
966 58 
967 58 
968 59 
969 59 
970 59 
971 59 
972 59 
973 59 
974 59 
975 59 
976 59 
977 59 
978 60 
979 60 
980 60 
981 60 
982 60 
983 60 
984 61 
985 61 
986 61 
987 61 
988 61 
989 61 
990 61 
991 61 
992 61 
993 61 
994 61 
995 61 
996 61 
997 61 
998 62 
999 62 
