0 0 
1 0 
2 0 
3 0 
4 0 
5 0 
6 0 
7 0 
8 0 
9 0 
10 1 
11 1 
12 1 
13 1 
14 2 
15 3 
16 3 
17 3 
18 4 
19 4 
20 5 
21 6 
22 6 
23 7 
24 7 
25 8 
26 8 
27 9 
28 10 
29 10 
30 11 
31 11 
32 11 
33 11 
34 13 
35 14 
36 15 
37 15 
38 16 
39 17 
40 18 
41 18 
42 19 
43 20 
44 20 
45 20 
46 22 
47 22 
48 23 
49 24 
50 24 
51 25 
52 25 
53 26 
54 27 
55 28 
56 29 
57 29 
58 29 
59 31 
60 31 
61 32 
62 32 
63 34 
64 34 
65 35 
66 36 
67 36 
68 38 
69 38 
70 39 
71 40 
72 41 
73 41 
74 42 
75 43 
76 45 
77 45 
78 46 
79 47 
80 48 
81 48 
82 48 
83 49 
84 50 
85 50 
86 51 
87 52 
88 53 
89 54 
90 55 
91 56 
92 56 
93 57 
94 58 
95 59 
96 60 
97 61 
98 62 
99 63 
100 63 
101 64 
102 65 
103 66 
104 67 
105 68 
106 69 
107 69 
108 70 
109 70 
110 71 
111 72 
112 74 
113 75 
114 76 
115 76 
116 78 
117 78 
118 79 
119 79 
120 80 
121 81 
122 82 
123 83 
124 84 
125 84 
126 85 
127 86 
128 86 
129 88 
130 88 
131 90 
132 90 
133 91 
134 93 
135 93 
136 93 
137 94 
138 95 
139 95 
140 97 
141 97 
142 98 
143 99 
144 99 
145 99 
146 100 
147 101 
148 101 
149 103 
150 104 
151 105 
152 106 
153 107 
154 108 
155 109 
156 110 
157 111 
158 112 
159 113 
160 113 
161 115 
162 115 
163 117 
164 118 
165 119 
166 120 
167 120 
168 120 
169 121 
170 123 
171 124 
172 124 
173 125 
174 126 
175 127 
176 128 
177 129 
178 130 
179 131 
180 131 
181 131 
182 133 
183 133 
184 134 
185 134 
186 136 
187 137 
188 137 
189 138 
190 139 
191 140 
192 140 
193 142 
194 143 
195 143 
196 144 
197 146 
198 147 
199 148 
200 148 
201 149 
202 149 
203 150 
204 150 
205 152 
206 153 
207 153 
208 154 
209 155 
210 155 
211 157 
212 158 
213 159 
214 160 
215 161 
216 162 
217 163 
218 163 
219 163 
220 165 
221 166 
222 166 
223 168 
224 169 
225 171 
226 172 
227 172 
228 172 
229 173 
230 174 
231 174 
232 175 
233 176 
234 177 
235 178 
236 179 
237 181 
238 182 
239 182 
240 184 
241 184 
242 185 
243 186 
244 187 
245 188 
246 189 
247 189 
248 191 
249 192 
250 192 
251 192 
252 193 
253 194 
254 194 
255 196 
256 196 
257 197 
258 198 
259 201 
260 201 
261 202 
262 203 
263 203 
264 204 
265 205 
266 206 
267 207 
268 208 
269 209 
270 210 
271 210 
272 212 
273 213 
274 213 
275 214 
276 215 
277 216 
278 217 
279 217 
280 218 
281 219 
282 220 
283 221 
284 222 
285 223 
286 224 
287 225 
288 225 
289 225 
290 226 
291 227 
292 227 
293 228 
294 229 
295 231 
296 232 
297 233 
298 234 
299 236 
300 236 
301 236 
302 237 
303 239 
304 239 
305 240 
306 242 
307 243 
308 243 
309 243 
310 244 
311 245 
312 247 
313 248 
314 249 
315 250 
316 251 
317 252 
318 253 
319 254 
320 255 
321 255 
322 257 
323 258 
324 258 
325 258 
326 258 
327 259 
328 260 
329 261 
330 261 
331 263 
332 263 
333 265 
334 266 
335 267 
336 268 
337 270 
338 270 
339 270 
340 271 
341 272 
342 273 
343 274 
344 274 
345 275 
346 276 
347 277 
348 277 
349 279 
350 279 
351 280 
352 281 
353 283 
354 285 
355 286 
356 286 
357 287 
358 288 
359 290 
360 291 
361 292 
362 292 
363 294 
364 294 
365 296 
366 296 
367 297 
368 298 
369 298 
370 299 
371 300 
372 300 
373 302 
374 304 
375 304 
376 305 
377 306 
378 307 
379 307 
380 308 
381 309 
382 310 
383 311 
384 312 
385 313 
386 315 
387 315 
388 315 
389 316 
390 318 
391 319 
392 319 
393 320 
394 322 
395 323 
396 324 
397 325 
398 326 
399 326 
400 327 
401 328 
402 329 
403 330 
404 331 
405 332 
406 333 
407 334 
408 335 
409 335 
410 336 
411 338 
412 339 
413 340 
414 340 
415 341 
416 342 
417 343 
418 343 
419 344 
420 345 
421 346 
422 347 
423 347 
424 349 
425 349 
426 351 
427 351 
428 353 
429 354 
430 354 
431 356 
432 357 
433 357 
434 358 
435 358 
436 359 
437 362 
438 362 
439 362 
440 364 
441 365 
442 365 
443 366 
444 368 
445 369 
446 371 
447 371 
448 371 
449 372 
450 372 
451 374 
452 374 
453 375 
454 376 
455 377 
456 379 
457 381 
458 381 
459 382 
460 383 
461 383 
462 385 
463 385 
464 386 
465 387 
466 388 
467 389 
468 389 
469 391 
470 391 
471 392 
472 393 
473 394 
474 394 
475 395 
476 396 
477 397 
478 398 
479 399 
480 402 
481 403 
482 404 
483 405 
484 406 
485 406 
486 408 
487 408 
488 409 
489 410 
490 411 
491 412 
492 412 
493 414 
494 414 
495 415 
496 416 
497 416 
498 416 
499 418 
500 420 
501 420 
502 420 
503 421 
504 422 
505 423 
506 424 
507 425 
508 426 
509 427 
510 428 
511 429 
512 430 
513 431 
514 432 
515 432 
516 433 
517 434 
518 435 
519 435 
520 436 
521 437 
522 438 
523 439 
524 440 
525 442 
526 443 
527 443 
528 445 
529 445 
530 447 
531 448 
532 449 
533 449 
534 452 
535 452 
536 452 
537 453 
538 454 
539 455 
540 455 
541 457 
542 458 
543 458 
544 459 
545 461 
546 461 
547 463 
548 463 
549 463 
550 464 
551 466 
552 467 
553 468 
554 469 
555 470 
556 471 
557 471 
558 472 
559 472 
560 473 
561 474 
562 476 
563 477 
564 478 
565 479 
566 479 
567 480 
568 480 
569 482 
570 482 
571 484 
572 485 
573 486 
574 487 
575 488 
576 489 
577 489 
578 490 
579 491 
580 491 
581 493 
582 493 
583 494 
584 495 
585 497 
586 498 
587 498 
588 500 
589 500 
590 501 
591 503 
592 504 
593 505 
594 505 
595 506 
596 507 
597 508 
598 509 
599 510 
600 511 
601 511 
602 512 
603 513 
604 514 
605 515 
606 516 
607 518 
608 518 
609 519 
610 520 
611 521 
612 522 
613 522 
614 523 
615 526 
616 526 
617 526 
618 527 
619 529 
620 529 
621 530 
622 531 
623 532 
624 532 
625 534 
626 535 
627 536 
628 537 
629 538 
630 539 
631 540 
632 542 
633 543 
634 543 
635 544 
636 545 
637 547 
638 548 
639 549 
640 549 
641 550 
642 551 
643 552 
644 553 
645 554 
646 554 
647 555 
648 557 
649 557 
650 559 
651 560 
652 561 
653 563 
654 564 
655 564 
656 565 
657 566 
658 567 
659 569 
660 569 
661 570 
662 571 
663 572 
664 572 
665 573 
666 573 
667 575 
668 576 
669 578 
670 578 
671 578 
672 579 
673 581 
674 582 
675 583 
676 584 
677 585 
678 586 
679 587 
680 588 
681 588 
682 589 
683 590 
684 591 
685 591 
686 592 
687 592 
688 593 
689 595 
690 595 
691 596 
692 596 
693 597 
694 598 
695 600 
696 600 
697 602 
698 603 
699 604 
700 604 
701 605 
702 606 
703 606 
704 607 
705 608 
706 609 
707 611 
708 611 
709 613 
710 613 
711 613 
712 615 
713 616 
714 617 
715 618 
716 619 
717 619 
718 620 
719 622 
720 623 
721 624 
722 625 
723 626 
724 626 
725 626 
726 627 
727 628 
728 630 
729 631 
730 632 
731 633 
732 634 
733 635 
734 635 
735 636 
736 637 
737 638 
738 639 
739 640 
740 641 
741 643 
742 643 
743 645 
744 646 
745 647 
746 647 
747 649 
748 650 
749 652 
750 652 
751 654 
752 655 
753 656 
754 657 
755 657 
756 658 
757 659 
758 661 
759 662 
760 663 
761 663 
762 664 
763 665 
764 665 
765 666 
766 667 
767 668 
768 669 
769 669 
770 669 
771 670 
772 672 
773 674 
774 674 
775 675 
776 676 
777 676 
778 677 
779 679 
780 680 
781 680 
782 682 
783 683 
784 684 
785 684 
786 684 
787 685 
788 687 
789 688 
790 689 
791 691 
792 691 
793 691 
794 693 
795 694 
796 696 
797 696 
798 697 
799 697 
800 697 
801 699 
802 699 
803 701 
804 702 
805 702 
806 703 
807 704 
808 705 
809 707 
810 707 
811 708 
812 709 
813 710 
814 711 
815 712 
816 713 
817 714 
818 714 
819 715 
820 716 
821 717 
822 719 
823 719 
824 720 
825 720 
826 722 
827 723 
828 725 
829 725 
830 725 
831 726 
832 726 
833 728 
834 729 
835 730 
836 731 
837 731 
838 732 
839 734 
840 734 
841 736 
842 737 
843 738 
844 738 
845 740 
846 741 
847 741 
848 742 
849 744 
850 744 
851 746 
852 746 
853 747 
854 748 
855 748 
856 749 
857 751 
858 753 
859 753 
860 753 
861 754 
862 755 
863 756 
864 756 
865 758 
866 758 
867 759 
868 760 
869 762 
870 763 
871 763 
872 766 
873 766 
874 766 
875 767 
876 769 
877 769 
878 770 
879 772 
880 772 
881 773 
882 774 
883 774 
884 775 
885 776 
886 777 
887 779 
888 779 
889 780 
890 781 
891 783 
892 785 
893 785 
894 787 
895 787 
896 788 
897 789 
898 790 
899 791 
900 791 
901 792 
902 792 
903 793 
904 794 
905 794 
906 795 
907 797 
908 798 
909 799 
910 801 
911 801 
912 802 
913 803 
914 804 
915 805 
916 805 
917 806 
918 807 
919 808 
920 809 
921 809 
922 811 
923 811 
924 812 
925 813 
926 815 
927 816 
928 817 
929 818 
930 819 
931 820 
932 821 
933 821 
934 823 
935 823 
936 824 
937 825 
938 825 
939 825 
940 828 
941 830 
942 831 
943 831 
944 832 
945 832 
946 833 
947 835 
948 836 
949 837 
950 839 
951 839 
952 840 
953 841 
954 842 
955 842 
956 844 
957 844 
958 844 
959 846 
960 848 
961 849 
962 850 
963 851 
964 853 
965 853 
966 853 
967 855 
968 856 
969 856 
970 858 
971 860 
972 860 
973 861 
974 861 
975 863 
976 863 
977 865 
978 866 
979 867 
980 868 
981 869 
982 870 
983 871 
984 872 
985 872 
986 873 
987 873 
988 874 
989 876 
990 877 
991 879 
992 879 
993 880 
994 881 
995 882 
996 883 
997 884 
998 885 
999 886 
