0 0 
1 0 
2 0 
3 0 
4 0 
5 0 
6 0 
7 1 
8 1 
9 1 
10 2 
11 3 
12 4 
13 5 
14 6 
15 7 
16 7 
17 8 
18 9 
19 10 
20 10 
21 12 
22 13 
23 14 
24 15 
25 16 
26 17 
27 18 
28 18 
29 19 
30 19 
31 21 
32 22 
33 23 
34 24 
35 25 
36 27 
37 28 
38 29 
39 30 
40 31 
41 33 
42 34 
43 35 
44 36 
45 37 
46 38 
47 40 
48 41 
49 42 
50 43 
51 44 
52 46 
53 46 
54 47 
55 48 
56 49 
57 50 
58 51 
59 52 
60 53 
61 54 
62 56 
63 58 
64 60 
65 62 
66 63 
67 63 
68 65 
69 67 
70 67 
71 68 
72 69 
73 69 
74 71 
75 73 
76 75 
77 75 
78 76 
79 77 
80 80 
81 81 
82 83 
83 83 
84 83 
85 84 
86 86 
87 87 
88 89 
89 90 
90 92 
91 93 
92 94 
93 94 
94 95 
95 96 
96 98 
97 99 
98 101 
99 103 
100 104 
101 105 
102 107 
103 108 
104 110 
105 111 
106 112 
107 113 
108 114 
109 115 
110 117 
111 117 
112 118 
113 120 
114 121 
115 123 
116 124 
117 125 
118 125 
119 127 
120 129 
121 130 
122 131 
123 132 
124 134 
125 135 
126 136 
127 137 
128 138 
129 140 
130 142 
131 142 
132 144 
133 145 
134 147 
135 148 
136 149 
137 152 
138 155 
139 155 
140 157 
141 158 
142 159 
143 160 
144 161 
145 162 
146 164 
147 165 
148 166 
149 167 
150 170 
151 170 
152 171 
153 172 
154 173 
155 175 
156 176 
157 178 
158 180 
159 181 
160 181 
161 183 
162 184 
163 185 
164 188 
165 188 
166 190 
167 191 
168 193 
169 195 
170 195 
171 196 
172 197 
173 198 
174 199 
175 200 
176 202 
177 204 
178 205 
179 206 
180 208 
181 210 
182 211 
183 212 
184 212 
185 214 
186 215 
187 217 
188 218 
189 219 
190 221 
191 222 
192 224 
193 225 
194 227 
195 228 
196 228 
197 230 
198 231 
199 233 
200 233 
201 235 
202 236 
203 237 
204 239 
205 241 
206 242 
207 245 
208 245 
209 247 
210 248 
211 249 
212 251 
213 251 
214 252 
215 254 
216 256 
217 257 
218 258 
219 260 
220 262 
221 264 
222 266 
223 267 
224 268 
225 269 
226 271 
227 271 
228 273 
229 274 
230 276 
231 277 
232 278 
233 279 
234 281 
235 283 
236 284 
237 285 
238 286 
239 287 
240 289 
241 290 
242 291 
243 293 
244 294 
245 295 
246 298 
247 299 
248 301 
249 302 
250 304 
251 306 
252 307 
253 309 
254 311 
255 312 
256 314 
257 314 
258 316 
259 317 
260 319 
261 320 
262 322 
263 323 
264 325 
265 325 
266 326 
267 327 
268 328 
269 329 
270 330 
271 332 
272 333 
273 334 
274 335 
275 336 
276 338 
277 339 
278 340 
279 341 
280 343 
281 346 
282 346 
283 348 
284 349 
285 351 
286 354 
287 354 
288 356 
289 357 
290 357 
291 359 
292 360 
293 362 
294 363 
295 365 
296 366 
297 367 
298 369 
299 370 
300 372 
301 374 
302 375 
303 376 
304 379 
305 379 
306 381 
307 381 
308 382 
309 384 
310 386 
311 387 
312 388 
313 390 
314 391 
315 392 
316 394 
317 396 
318 397 
319 399 
320 399 
321 401 
322 402 
323 404 
324 405 
325 406 
326 407 
327 408 
328 410 
329 412 
330 414 
331 415 
332 416 
333 418 
334 419 
335 422 
336 424 
337 425 
338 426 
339 427 
340 428 
341 429 
342 431 
343 432 
344 434 
345 435 
346 437 
347 439 
348 439 
349 441 
350 442 
351 443 
352 444 
353 446 
354 448 
355 449 
356 451 
357 452 
358 454 
359 455 
360 456 
361 459 
362 460 
363 461 
364 462 
365 464 
366 465 
367 467 
368 468 
369 469 
370 472 
371 472 
372 474 
373 474 
374 476 
375 477 
376 479 
377 479 
378 481 
379 483 
380 484 
381 485 
382 486 
383 487 
384 488 
385 490 
386 491 
387 493 
388 494 
389 496 
390 497 
391 499 
392 500 
393 501 
394 503 
395 504 
396 504 
397 506 
398 507 
399 508 
400 510 
401 511 
402 513 
403 514 
404 516 
405 517 
406 517 
407 519 
408 521 
409 522 
410 523 
411 524 
412 526 
413 526 
414 528 
415 530 
416 531 
417 532 
418 534 
419 535 
420 536 
421 538 
422 539 
423 540 
424 542 
425 544 
426 545 
427 547 
428 548 
429 550 
430 551 
431 552 
432 553 
433 555 
434 556 
435 557 
436 559 
437 559 
438 561 
439 563 
440 564 
441 566 
442 568 
443 569 
444 572 
445 572 
446 574 
447 576 
448 577 
449 579 
450 580 
451 581 
452 583 
453 585 
454 586 
455 588 
456 589 
457 591 
458 593 
459 593 
460 595 
461 596 
462 596 
463 599 
464 600 
465 601 
466 603 
467 604 
468 607 
469 608 
470 609 
471 611 
472 612 
473 614 
474 616 
475 617 
476 618 
477 619 
478 622 
479 623 
480 625 
481 625 
482 627 
483 628 
484 629 
485 631 
486 633 
487 636 
488 637 
489 638 
490 639 
491 640 
492 642 
493 643 
494 643 
495 644 
496 646 
497 647 
498 649 
499 650 
500 651 
501 652 
502 653 
503 654 
504 656 
505 657 
506 660 
507 661 
508 662 
509 664 
510 665 
511 666 
512 667 
513 670 
514 671 
515 672 
516 674 
517 675 
518 676 
519 678 
520 679 
521 681 
522 683 
523 684 
524 686 
525 687 
526 688 
527 689 
528 690 
529 692 
530 693 
531 694 
532 696 
533 697 
534 698 
535 700 
536 701 
537 702 
538 705 
539 706 
540 708 
541 709 
542 709 
543 711 
544 713 
545 715 
546 716 
547 717 
548 719 
549 720 
550 722 
551 723 
552 725 
553 726 
554 727 
555 727 
556 729 
557 731 
558 731 
559 733 
560 734 
561 735 
562 737 
563 738 
564 739 
565 740 
566 742 
567 743 
568 745 
569 746 
570 748 
571 750 
572 751 
573 752 
574 754 
575 755 
576 757 
577 758 
578 759 
579 761 
580 762 
581 763 
582 765 
583 766 
584 768 
585 769 
586 770 
587 773 
588 774 
589 776 
590 778 
591 778 
592 780 
593 780 
594 782 
595 784 
596 784 
597 786 
598 788 
599 789 
600 791 
601 792 
602 793 
603 795 
604 796 
605 797 
606 798 
607 799 
608 802 
609 803 
610 805 
611 807 
612 808 
613 811 
614 812 
615 812 
616 814 
617 815 
618 816 
619 818 
620 820 
621 822 
622 823 
623 824 
624 826 
625 826 
626 828 
627 829 
628 829 
629 831 
630 832 
631 834 
632 835 
633 837 
634 838 
635 840 
636 842 
637 843 
638 844 
639 845 
640 846 
641 849 
642 850 
643 852 
644 854 
645 856 
646 856 
647 858 
648 859 
649 862 
650 863 
651 865 
652 866 
653 867 
654 868 
655 870 
656 872 
657 872 
658 873 
659 876 
660 877 
661 878 
662 879 
663 880 
664 882 
665 884 
666 886 
667 888 
668 890 
669 891 
670 892 
671 893 
672 895 
673 896 
674 897 
675 899 
676 901 
677 901 
678 903 
679 904 
680 905 
681 906 
682 907 
683 909 
684 910 
685 913 
686 913 
687 914 
688 916 
689 917 
690 919 
691 921 
692 923 
693 924 
694 926 
695 927 
696 928 
697 930 
698 932 
699 932 
700 934 
701 935 
702 936 
703 938 
704 939 
705 940 
706 942 
707 943 
708 943 
709 946 
710 947 
711 948 
712 951 
713 953 
714 954 
715 955 
716 957 
717 957 
718 959 
719 961 
720 962 
721 965 
722 965 
723 966 
724 968 
725 969 
726 971 
727 972 
728 975 
729 976 
730 977 
731 978 
732 979 
733 981 
734 983 
735 984 
736 985 
737 987 
738 988 
739 990 
740 991 
741 991 
742 993 
743 996 
744 997 
745 998 
746 1000 
747 1002 
748 1003 
749 1004 
750 1005 
751 1008 
752 1009 
753 1010 
754 1012 
755 1012 
756 1014 
757 1016 
758 1018 
759 1021 
760 1022 
761 1023 
762 1024 
763 1026 
764 1026 
765 1028 
766 1029 
767 1030 
768 1031 
769 1032 
770 1033 
771 1035 
772 1037 
773 1038 
774 1039 
775 1040 
776 1041 
777 1044 
778 1045 
779 1046 
780 1048 
781 1049 
782 1049 
783 1051 
784 1052 
785 1053 
786 1055 
787 1055 
788 1057 
789 1058 
790 1059 
791 1061 
792 1062 
793 1064 
794 1066 
795 1067 
796 1069 
797 1070 
798 1071 
799 1072 
800 1073 
801 1075 
802 1076 
803 1077 
804 1080 
805 1082 
806 1083 
807 1084 
808 1086 
809 1087 
810 1089 
811 1090 
812 1092 
813 1093 
814 1094 
815 1095 
816 1097 
817 1098 
818 1099 
819 1101 
820 1102 
821 1103 
822 1104 
823 1105 
824 1107 
825 1108 
826 1110 
827 1111 
828 1112 
829 1115 
830 1116 
831 1118 
832 1119 
833 1121 
834 1121 
835 1123 
836 1124 
837 1126 
838 1127 
839 1129 
840 1130 
841 1131 
842 1132 
843 1134 
844 1136 
845 1138 
846 1139 
847 1141 
848 1142 
849 1145 
850 1146 
851 1147 
852 1148 
853 1148 
854 1151 
855 1152 
856 1153 
857 1155 
858 1156 
859 1158 
860 1159 
861 1160 
862 1161 
863 1163 
864 1164 
865 1166 
866 1168 
867 1170 
868 1170 
869 1172 
870 1174 
871 1175 
872 1176 
873 1178 
874 1180 
875 1182 
876 1183 
877 1183 
878 1184 
879 1186 
880 1189 
881 1189 
882 1191 
883 1192 
884 1193 
885 1195 
886 1196 
887 1198 
888 1201 
889 1202 
890 1203 
891 1204 
892 1206 
893 1207 
894 1209 
895 1211 
896 1212 
897 1213 
898 1214 
899 1216 
900 1218 
901 1220 
902 1221 
903 1222 
904 1223 
905 1224 
906 1226 
907 1227 
908 1227 
909 1229 
910 1230 
911 1232 
912 1233 
913 1235 
914 1236 
915 1238 
916 1239 
917 1241 
918 1243 
919 1244 
920 1246 
921 1248 
922 1250 
923 1251 
924 1252 
925 1254 
926 1255 
927 1256 
928 1258 
929 1259 
930 1260 
931 1262 
932 1263 
933 1264 
934 1266 
935 1268 
936 1268 
937 1270 
938 1273 
939 1275 
940 1276 
941 1277 
942 1278 
943 1279 
944 1280 
945 1282 
946 1282 
947 1284 
948 1285 
949 1287 
950 1288 
951 1289 
952 1290 
953 1292 
954 1294 
955 1295 
956 1297 
957 1297 
958 1299 
959 1300 
960 1302 
961 1303 
962 1306 
963 1306 
964 1307 
965 1309 
966 1311 
967 1312 
968 1312 
969 1314 
970 1315 
971 1316 
972 1319 
973 1320 
974 1320 
975 1322 
976 1324 
977 1326 
978 1328 
979 1329 
980 1330 
981 1332 
982 1333 
983 1335 
984 1336 
985 1337 
986 1338 
987 1340 
988 1341 
989 1343 
990 1344 
991 1345 
992 1348 
993 1349 
994 1351 
995 1352 
996 1354 
997 1355 
998 1356 
999 1358 
