0 0 
1 0 
2 0 
3 0 
4 0 
5 0 
6 0 
7 0 
8 1 
9 1 
10 2 
11 2 
12 2 
13 2 
14 2 
15 2 
16 2 
17 2 
18 2 
19 2 
20 2 
21 2 
22 2 
23 2 
24 2 
25 2 
26 2 
27 2 
28 3 
29 3 
30 3 
31 3 
32 3 
33 3 
34 3 
35 4 
36 4 
37 4 
38 4 
39 4 
40 4 
41 4 
42 4 
43 4 
44 4 
45 4 
46 4 
47 4 
48 4 
49 4 
50 4 
51 4 
52 4 
53 4 
54 4 
55 4 
56 4 
57 4 
58 4 
59 4 
60 4 
61 4 
62 4 
63 4 
64 4 
65 4 
66 4 
67 4 
68 4 
69 4 
70 4 
71 4 
72 4 
73 5 
74 6 
75 6 
76 6 
77 6 
78 6 
79 6 
80 6 
81 7 
82 7 
83 7 
84 7 
85 7 
86 7 
87 7 
88 7 
89 7 
90 7 
91 7 
92 7 
93 7 
94 7 
95 7 
96 7 
97 8 
98 8 
99 8 
100 8 
101 8 
102 8 
103 8 
104 8 
105 8 
106 8 
107 8 
108 8 
109 8 
110 8 
111 8 
112 8 
113 8 
114 8 
115 8 
116 8 
117 8 
118 8 
119 8 
120 8 
121 8 
122 8 
123 8 
124 8 
125 8 
126 9 
127 9 
128 10 
129 10 
130 11 
131 11 
132 11 
133 11 
134 11 
135 11 
136 11 
137 11 
138 11 
139 11 
140 11 
141 11 
142 11 
143 11 
144 11 
145 11 
146 11 
147 11 
148 11 
149 11 
150 11 
151 11 
152 11 
153 11 
154 11 
155 11 
156 11 
157 11 
158 11 
159 11 
160 11 
161 11 
162 11 
163 11 
164 11 
165 11 
166 12 
167 12 
168 13 
169 13 
170 13 
171 13 
172 13 
173 13 
174 13 
175 13 
176 13 
177 13 
178 13 
179 13 
180 13 
181 13 
182 13 
183 13 
184 13 
185 13 
186 13 
187 13 
188 14 
189 14 
190 14 
191 14 
192 14 
193 14 
194 14 
195 15 
196 15 
197 15 
198 16 
199 16 
200 16 
201 16 
202 16 
203 16 
204 16 
205 17 
206 19 
207 19 
208 19 
209 19 
210 20 
211 20 
212 20 
213 20 
214 20 
215 20 
216 20 
217 20 
218 20 
219 20 
220 20 
221 20 
222 20 
223 20 
224 20 
225 20 
226 20 
227 20 
228 21 
229 21 
230 21 
231 21 
232 22 
233 22 
234 22 
235 23 
236 23 
237 23 
238 23 
239 23 
240 23 
241 23 
242 24 
243 24 
244 24 
245 24 
246 24 
247 24 
248 24 
249 24 
250 24 
251 24 
252 24 
253 24 
254 25 
255 25 
256 25 
257 25 
258 25 
259 25 
260 25 
261 25 
262 25 
263 25 
264 25 
265 25 
266 25 
267 25 
268 26 
269 27 
270 27 
271 27 
272 27 
273 27 
274 27 
275 27 
276 27 
277 27 
278 27 
279 27 
280 27 
281 27 
282 27 
283 27 
284 27 
285 27 
286 27 
287 27 
288 27 
289 27 
290 27 
291 27 
292 27 
293 27 
294 28 
295 29 
296 29 
297 29 
298 29 
299 29 
300 29 
301 29 
302 29 
303 29 
304 29 
305 29 
306 29 
307 30 
308 30 
309 30 
310 30 
311 31 
312 31 
313 32 
314 33 
315 33 
316 33 
317 33 
318 33 
319 34 
320 34 
321 34 
322 35 
323 35 
324 35 
325 35 
326 35 
327 35 
328 35 
329 35 
330 35 
331 35 
332 35 
333 35 
334 35 
335 35 
336 35 
337 35 
338 35 
339 35 
340 35 
341 35 
342 35 
343 35 
344 35 
345 35 
346 35 
347 35 
348 35 
349 35 
350 36 
351 36 
352 36 
353 36 
354 36 
355 36 
356 36 
357 36 
358 36 
359 36 
360 36 
361 36 
362 36 
363 36 
364 36 
365 36 
366 37 
367 37 
368 37 
369 37 
370 37 
371 37 
372 37 
373 37 
374 37 
375 37 
376 38 
377 38 
378 38 
379 38 
380 39 
381 39 
382 39 
383 39 
384 39 
385 39 
386 39 
387 39 
388 39 
389 39 
390 39 
391 39 
392 39 
393 40 
394 40 
395 40 
396 40 
397 40 
398 40 
399 40 
400 40 
401 40 
402 40 
403 40 
404 40 
405 40 
406 40 
407 40 
408 40 
409 40 
410 40 
411 40 
412 40 
413 40 
414 40 
415 40 
416 40 
417 40 
418 40 
419 40 
420 40 
421 40 
422 40 
423 40 
424 40 
425 40 
426 40 
427 40 
428 40 
429 40 
430 40 
431 40 
432 40 
433 40 
434 40 
435 40 
436 41 
437 41 
438 41 
439 41 
440 41 
441 41 
442 41 
443 41 
444 41 
445 41 
446 41 
447 41 
448 41 
449 41 
450 41 
451 41 
452 41 
453 41 
454 41 
455 41 
456 41 
457 41 
458 41 
459 41 
460 41 
461 41 
462 41 
463 41 
464 41 
465 41 
466 41 
467 41 
468 41 
469 41 
470 41 
471 41 
472 41 
473 43 
474 43 
475 43 
476 43 
477 43 
478 43 
479 43 
480 43 
481 43 
482 43 
483 43 
484 43 
485 43 
486 43 
487 43 
488 43 
489 43 
490 43 
491 43 
492 43 
493 43 
494 44 
495 44 
496 44 
497 44 
498 44 
499 44 
500 44 
501 44 
502 44 
503 44 
504 44 
505 44 
506 44 
507 44 
508 44 
509 44 
510 44 
511 44 
512 45 
513 45 
514 45 
515 45 
516 45 
517 45 
518 45 
519 45 
520 45 
521 45 
522 45 
523 45 
524 45 
525 45 
526 45 
527 45 
528 45 
529 45 
530 45 
531 45 
532 45 
533 46 
534 46 
535 46 
536 46 
537 46 
538 46 
539 46 
540 46 
541 46 
542 46 
543 46 
544 46 
545 46 
546 46 
547 46 
548 46 
549 46 
550 46 
551 46 
552 46 
553 46 
554 47 
555 47 
556 47 
557 47 
558 47 
559 47 
560 47 
561 47 
562 47 
563 47 
564 47 
565 48 
566 48 
567 48 
568 48 
569 48 
570 48 
571 48 
572 48 
573 48 
574 48 
575 49 
576 49 
577 49 
578 49 
579 49 
580 49 
581 49 
582 49 
583 49 
584 49 
585 49 
586 49 
587 49 
588 49 
589 49 
590 49 
591 49 
592 49 
593 49 
594 49 
595 49 
596 49 
597 49 
598 49 
599 49 
600 49 
601 49 
602 51 
603 51 
604 51 
605 51 
606 51 
607 51 
608 51 
609 51 
610 51 
611 51 
612 51 
613 51 
614 52 
615 52 
616 52 
617 52 
618 52 
619 52 
620 52 
621 52 
622 52 
623 52 
624 52 
625 52 
626 52 
627 52 
628 52 
629 52 
630 52 
631 52 
632 52 
633 52 
634 52 
635 52 
636 52 
637 52 
638 52 
639 52 
640 52 
641 52 
642 52 
643 52 
644 52 
645 53 
646 53 
647 53 
648 53 
649 53 
650 53 
651 53 
652 53 
653 53 
654 53 
655 53 
656 53 
657 53 
658 53 
659 53 
660 53 
661 53 
662 53 
663 53 
664 53 
665 53 
666 54 
667 54 
668 54 
669 54 
670 54 
671 54 
672 54 
673 54 
674 54 
675 54 
676 54 
677 54 
678 54 
679 54 
680 54 
681 54 
682 54 
683 55 
684 55 
685 56 
686 58 
687 58 
688 59 
689 59 
690 59 
691 59 
692 60 
693 60 
694 60 
695 60 
696 60 
697 61 
698 61 
699 61 
700 61 
701 61 
702 61 
703 61 
704 61 
705 62 
706 62 
707 62 
708 62 
709 63 
710 63 
711 63 
712 63 
713 63 
714 63 
715 63 
716 63 
717 63 
718 63 
719 63 
720 63 
721 63 
722 63 
723 63 
724 63 
725 63 
726 63 
727 63 
728 63 
729 64 
730 64 
731 64 
732 65 
733 65 
734 65 
735 65 
736 65 
737 65 
738 65 
739 65 
740 65 
741 65 
742 65 
743 65 
744 65 
745 65 
746 65 
747 65 
748 65 
749 65 
750 65 
751 65 
752 65 
753 66 
754 66 
755 66 
756 66 
757 66 
758 66 
759 66 
760 66 
761 66 
762 66 
763 66 
764 66 
765 66 
766 66 
767 66 
768 67 
769 67 
770 67 
771 67 
772 67 
773 67 
774 68 
775 68 
776 68 
777 68 
778 68 
779 68 
780 68 
781 68 
782 68 
783 68 
784 68 
785 68 
786 68 
787 68 
788 68 
789 68 
790 68 
791 68 
792 68 
793 68 
794 68 
795 68 
796 68 
797 68 
798 68 
799 68 
800 68 
801 68 
802 68 
803 68 
804 68 
805 68 
806 68 
807 68 
808 68 
809 68 
810 68 
811 68 
812 68 
813 68 
814 68 
815 69 
816 69 
817 69 
818 69 
819 69 
820 69 
821 69 
822 69 
823 69 
824 69 
825 69 
826 69 
827 69 
828 69 
829 69 
830 69 
831 69 
832 69 
833 69 
834 69 
835 69 
836 69 
837 69 
838 69 
839 69 
840 69 
841 69 
842 69 
843 69 
844 69 
845 69 
846 69 
847 69 
848 69 
849 69 
850 69 
851 69 
852 69 
853 69 
854 69 
855 69 
856 69 
857 69 
858 69 
859 69 
860 69 
861 69 
862 69 
863 69 
864 69 
865 69 
866 69 
867 69 
868 69 
869 69 
870 69 
871 69 
872 69 
873 69 
874 69 
875 69 
876 69 
877 69 
878 69 
879 69 
880 69 
881 70 
882 70 
883 71 
884 71 
885 71 
886 71 
887 71 
888 71 
889 71 
890 71 
891 71 
892 71 
893 71 
894 71 
895 71 
896 71 
897 71 
898 71 
899 71 
900 71 
901 72 
902 72 
903 72 
904 73 
905 74 
906 75 
907 75 
908 75 
909 75 
910 75 
911 75 
912 75 
913 76 
914 76 
915 77 
916 77 
917 77 
918 77 
919 77 
920 77 
921 77 
922 77 
923 77 
924 78 
925 78 
926 78 
927 78 
928 79 
929 79 
930 79 
931 79 
932 79 
933 80 
934 80 
935 80 
936 80 
937 80 
938 80 
939 80 
940 80 
941 80 
942 80 
943 80 
944 80 
945 80 
946 80 
947 80 
948 80 
949 81 
950 81 
951 81 
952 81 
953 81 
954 81 
955 82 
956 82 
957 82 
958 82 
959 82 
960 82 
961 82 
962 82 
963 82 
964 82 
965 82 
966 82 
967 83 
968 83 
969 83 
970 83 
971 83 
972 83 
973 83 
974 84 
975 84 
976 85 
977 85 
978 85 
979 85 
980 85 
981 85 
982 85 
983 85 
984 85 
985 85 
986 85 
987 85 
988 85 
989 85 
990 85 
991 85 
992 86 
993 86 
994 86 
995 86 
996 86 
997 86 
998 86 
999 86 
