0 0 
1 8 
2 9 
3 11 
4 14 
5 15 
6 15 
7 15 
8 15 
9 16 
10 17 
11 18 
12 18 
13 20 
14 20 
15 20 
16 21 
17 23 
18 23 
19 24 
20 26 
21 26 
22 29 
23 33 
24 36 
25 36 
26 37 
27 39 
28 43 
29 45 
30 47 
31 50 
32 51 
33 51 
34 54 
35 54 
36 56 
37 60 
38 62 
39 62 
40 63 
41 64 
42 64 
43 67 
44 68 
45 74 
46 74 
47 74 
48 74 
49 74 
50 74 
51 77 
52 78 
53 79 
54 79 
55 79 
56 82 
57 84 
58 85 
59 86 
60 89 
61 91 
62 93 
63 96 
64 97 
65 97 
66 97 
67 98 
68 98 
69 100 
70 102 
71 105 
72 108 
73 110 
74 111 
75 111 
76 112 
77 114 
78 115 
79 116 
80 119 
81 122 
82 122 
83 123 
84 125 
85 127 
86 127 
87 128 
88 129 
89 132 
90 132 
91 133 
92 134 
93 135 
94 138 
95 139 
96 141 
97 143 
98 145 
99 146 
100 148 
101 149 
102 151 
103 153 
104 153 
105 154 
106 156 
107 157 
108 161 
109 165 
110 165 
111 166 
112 169 
113 170 
114 171 
115 172 
116 173 
117 174 
118 174 
119 177 
120 178 
121 182 
122 184 
123 185 
124 185 
125 186 
126 188 
127 192 
128 194 
129 200 
130 201 
131 203 
132 203 
133 203 
134 203 
135 206 
136 208 
137 212 
138 213 
139 213 
140 215 
141 216 
142 216 
143 216 
144 216 
145 217 
146 218 
147 219 
148 220 
149 225 
150 225 
151 227 
152 230 
153 232 
154 232 
155 232 
156 233 
157 233 
158 236 
159 237 
160 240 
161 244 
162 244 
163 245 
164 245 
165 246 
166 246 
167 247 
168 247 
169 247 
170 251 
171 253 
172 254 
173 255 
174 257 
175 259 
176 262 
177 265 
178 269 
179 271 
180 271 
181 274 
182 277 
183 278 
184 279 
185 281 
186 282 
187 283 
188 287 
189 290 
190 294 
191 295 
192 296 
193 298 
194 299 
195 300 
196 301 
197 302 
198 304 
199 306 
200 308 
201 310 
202 313 
203 316 
204 318 
205 319 
206 321 
207 322 
208 324 
209 325 
210 325 
211 325 
212 328 
213 330 
214 333 
215 336 
216 337 
217 339 
218 340 
219 340 
220 340 
221 340 
222 340 
223 340 
224 341 
225 342 
226 343 
227 345 
228 346 
229 346 
230 347 
231 348 
232 349 
233 349 
234 349 
235 350 
236 353 
237 353 
238 355 
239 356 
240 357 
241 357 
242 360 
243 360 
244 360 
245 363 
246 364 
247 365 
248 367 
249 370 
250 371 
251 371 
252 373 
253 374 
254 376 
255 379 
256 380 
257 382 
258 385 
259 389 
260 389 
261 390 
262 392 
263 396 
264 400 
265 402 
266 403 
267 404 
268 404 
269 406 
270 407 
271 407 
272 408 
273 409 
274 409 
275 411 
276 412 
277 416 
278 419 
279 421 
280 423 
281 424 
282 426 
283 428 
284 429 
285 430 
286 433 
287 436 
288 437 
289 438 
290 441 
291 443 
292 445 
293 446 
294 447 
295 449 
296 450 
297 452 
298 453 
299 455 
300 456 
301 458 
302 461 
303 462 
304 464 
305 464 
306 466 
307 467 
308 471 
309 475 
310 475 
311 477 
312 479 
313 480 
314 481 
315 482 
316 482 
317 482 
318 483 
319 483 
320 483 
321 483 
322 485 
323 486 
324 486 
325 486 
326 487 
327 487 
328 487 
329 488 
330 491 
331 492 
332 494 
333 496 
334 497 
335 499 
336 500 
337 503 
338 504 
339 504 
340 504 
341 504 
342 509 
343 511 
344 513 
345 514 
346 516 
347 516 
348 516 
349 517 
350 522 
351 522 
352 524 
353 525 
354 527 
355 528 
356 528 
357 528 
358 529 
359 532 
360 534 
361 534 
362 535 
363 537 
364 537 
365 538 
366 539 
367 540 
368 542 
369 543 
370 543 
371 546 
372 546 
373 547 
374 550 
375 550 
376 550 
377 550 
378 550 
379 552 
380 556 
381 558 
382 560 
383 560 
384 561 
385 563 
386 567 
387 568 
388 570 
389 572 
390 573 
391 573 
392 575 
393 575 
394 576 
395 579 
396 581 
397 584 
398 585 
399 587 
400 588 
401 591 
402 593 
403 595 
404 598 
405 598 
406 600 
407 601 
408 601 
409 603 
410 604 
411 604 
412 605 
413 607 
414 608 
415 608 
416 610 
417 611 
418 615 
419 615 
420 618 
421 620 
422 621 
423 621 
424 622 
425 622 
426 626 
427 627 
428 628 
429 632 
430 634 
431 638 
432 640 
433 642 
434 646 
435 649 
436 650 
437 650 
438 651 
439 652 
440 653 
441 657 
442 657 
443 659 
444 660 
445 660 
446 661 
447 665 
448 668 
449 669 
450 669 
451 669 
452 670 
453 670 
454 674 
455 674 
456 675 
457 675 
458 677 
459 678 
460 681 
461 682 
462 683 
463 684 
464 686 
465 688 
466 688 
467 691 
468 691 
469 692 
470 692 
471 693 
472 694 
473 697 
474 702 
475 704 
476 706 
477 707 
478 708 
479 709 
480 710 
481 710 
482 712 
483 713 
484 715 
485 716 
486 717 
487 719 
488 721 
489 723 
490 725 
491 727 
492 729 
493 729 
494 733 
495 734 
496 737 
497 740 
498 741 
499 743 
500 743 
501 744 
502 744 
503 746 
504 747 
505 747 
506 749 
507 749 
508 749 
509 751 
510 751 
511 751 
512 753 
513 754 
514 754 
515 755 
516 756 
517 758 
518 760 
519 761 
520 762 
521 764 
522 764 
523 765 
524 766 
525 768 
526 770 
527 773 
528 775 
529 778 
530 781 
531 781 
532 783 
533 785 
534 788 
535 789 
536 791 
537 791 
538 795 
539 796 
540 797 
541 798 
542 799 
543 802 
544 804 
545 804 
546 804 
547 805 
548 806 
549 806 
550 808 
551 812 
552 812 
553 814 
554 815 
555 817 
556 817 
557 817 
558 819 
559 820 
560 821 
561 822 
562 822 
563 823 
564 826 
565 829 
566 830 
567 831 
568 832 
569 832 
570 832 
571 834 
572 836 
573 836 
574 841 
575 842 
576 843 
577 847 
578 849 
579 851 
580 853 
581 854 
582 854 
583 858 
584 859 
585 859 
586 859 
587 861 
588 861 
589 863 
590 863 
591 864 
592 866 
593 866 
594 866 
595 867 
596 869 
597 872 
598 872 
599 872 
600 873 
601 876 
602 876 
603 877 
604 879 
605 879 
606 881 
607 884 
608 886 
609 887 
610 890 
611 891 
612 893 
613 894 
614 895 
615 896 
616 897 
617 898 
618 899 
619 902 
620 902 
621 905 
622 907 
623 910 
624 912 
625 913 
626 914 
627 918 
628 920 
629 923 
630 924 
631 926 
632 927 
633 929 
634 932 
635 932 
636 934 
637 938 
638 941 
639 941 
640 943 
641 944 
642 946 
643 946 
644 947 
645 948 
646 948 
647 953 
648 956 
649 957 
650 958 
651 959 
652 960 
653 961 
654 962 
655 964 
656 966 
657 966 
658 966 
659 966 
660 970 
661 972 
662 975 
663 977 
664 978 
665 981 
666 983 
667 984 
668 986 
669 986 
670 988 
671 989 
672 992 
673 996 
674 1000 
675 1002 
676 1003 
677 1005 
678 1008 
679 1009 
680 1010 
681 1011 
682 1012 
683 1013 
684 1016 
685 1016 
686 1017 
687 1018 
688 1020 
689 1022 
690 1025 
691 1027 
692 1029 
693 1030 
694 1032 
695 1033 
696 1035 
697 1035 
698 1036 
699 1038 
700 1039 
701 1042 
702 1044 
703 1046 
704 1048 
705 1050 
706 1055 
707 1057 
708 1057 
709 1059 
710 1061 
711 1064 
712 1064 
713 1066 
714 1067 
715 1070 
716 1070 
717 1070 
718 1073 
719 1074 
720 1076 
721 1077 
722 1078 
723 1079 
724 1081 
725 1082 
726 1083 
727 1083 
728 1083 
729 1084 
730 1085 
731 1085 
732 1086 
733 1086 
734 1087 
735 1088 
736 1090 
737 1092 
738 1093 
739 1096 
740 1097 
741 1099 
742 1101 
743 1102 
744 1105 
745 1107 
746 1107 
747 1108 
748 1112 
749 1116 
750 1117 
751 1117 
752 1120 
753 1122 
754 1124 
755 1129 
756 1130 
757 1132 
758 1135 
759 1137 
760 1138 
761 1140 
762 1145 
763 1145 
764 1146 
765 1148 
766 1150 
767 1151 
768 1153 
769 1156 
770 1159 
771 1159 
772 1161 
773 1163 
774 1163 
775 1167 
776 1168 
777 1168 
778 1169 
779 1170 
780 1171 
781 1171 
782 1172 
783 1175 
784 1175 
785 1176 
786 1180 
787 1184 
788 1186 
789 1187 
790 1191 
791 1191 
792 1192 
793 1195 
794 1198 
795 1199 
796 1201 
797 1202 
798 1204 
799 1207 
800 1208 
801 1210 
802 1212 
803 1212 
804 1215 
805 1215 
806 1217 
807 1219 
808 1220 
809 1223 
810 1224 
811 1226 
812 1227 
813 1229 
814 1230 
815 1232 
816 1232 
817 1235 
818 1235 
819 1237 
820 1239 
821 1239 
822 1240 
823 1241 
824 1244 
825 1246 
826 1249 
827 1249 
828 1251 
829 1252 
830 1252 
831 1252 
832 1254 
833 1255 
834 1255 
835 1257 
836 1257 
837 1258 
838 1260 
839 1263 
840 1264 
841 1264 
842 1267 
843 1269 
844 1270 
845 1270 
846 1273 
847 1277 
848 1277 
849 1279 
850 1279 
851 1282 
852 1285 
853 1286 
854 1289 
855 1290 
856 1291 
857 1292 
858 1296 
859 1297 
860 1298 
861 1299 
862 1299 
863 1299 
864 1301 
865 1304 
866 1305 
867 1307 
868 1309 
869 1311 
870 1311 
871 1313 
872 1314 
873 1317 
874 1317 
875 1319 
876 1320 
877 1324 
878 1326 
879 1329 
880 1329 
881 1330 
882 1333 
883 1333 
884 1335 
885 1336 
886 1336 
887 1339 
888 1341 
889 1344 
890 1345 
891 1347 
892 1348 
893 1349 
894 1352 
895 1353 
896 1355 
897 1358 
898 1358 
899 1359 
900 1362 
901 1365 
902 1367 
903 1370 
904 1371 
905 1371 
906 1372 
907 1374 
908 1375 
909 1377 
910 1377 
911 1380 
912 1381 
913 1382 
914 1384 
915 1384 
916 1388 
917 1388 
918 1391 
919 1394 
920 1397 
921 1401 
922 1401 
923 1402 
924 1403 
925 1403 
926 1404 
927 1406 
928 1407 
929 1408 
930 1410 
931 1411 
932 1411 
933 1412 
934 1414 
935 1416 
936 1418 
937 1421 
938 1421 
939 1422 
940 1426 
941 1427 
942 1429 
943 1430 
944 1432 
945 1437 
946 1440 
947 1441 
948 1441 
949 1441 
950 1444 
951 1444 
952 1446 
953 1448 
954 1449 
955 1451 
956 1452 
957 1454 
958 1457 
959 1458 
960 1459 
961 1460 
962 1460 
963 1460 
964 1462 
965 1463 
966 1464 
967 1465 
968 1469 
969 1470 
970 1471 
971 1472 
972 1475 
973 1477 
974 1478 
975 1480 
976 1481 
977 1481 
978 1482 
979 1483 
980 1485 
981 1486 
982 1487 
983 1489 
984 1492 
985 1492 
986 1494 
987 1496 
988 1499 
989 1499 
990 1501 
991 1503 
992 1504 
993 1504 
994 1507 
995 1509 
996 1509 
997 1511 
998 1513 
999 1515 
